001
000
1
00000110101

100
010
0
000000001001110

111
100
01010

000
100
11001 10101 11011 11000 10110 10101 10111 10101 00000

100
100
11001 00111

000
001
1
00000000010

101
100
11011 00000

011
101
1
00000000010

010
100
11001 11001 11011 00000 

000
100
11001 11001 11011 00000

110
100
01111

110
001
0
000000000010000

000
100
11001 00110

100
001
0
000000010011001

010
100
10101 11000 01100

111
110
0
000000001101110

101
000
0
000000000100001

011
100
01100

111
100
01111

001
100
01101

110
000
0
000000000100001

011
100
01000

001
100
01100

111
100
00110

100
001
1
00000000010

110
110
0
000000001000011

010
100
10111 10000 10011 01000

100
100
10011 11111 11110 10111 10111 11110 01111

011
100
11100 10010 10011 01000

011
001
0
000000001010000

001
101
0
000000000101010

100
100
10101 00100

110
100
11111 11000 10010 00100

011
100
11100 00001

000
100
10010 10100 00001

001
100
10011 00111

100
001
1
00000000011

110
100
10100 00000

111
100
11100 00001

100
100
10100 00100

101
010
0
000000001101101

001
100
11001 10111 01101

011
100
11001 11010 10100 11111 10001 10101 00111

110
100
10111 11000 10010 10100 11100 00101

000
100
00001

001
100
10110 10001 10000 10010 11110 11110 11111 00000

101
001
1
00000000010

101
110
1
00000000010

011
100
10100 10101 11010 10001 01110

001
100
11111 01100

000
100
10011 11110 11000 01100

000
001
0
000000001100000

010
100
10100 11010 00011

000
101
1
00000000010

001
100
11110 11011 11010 10111 11011 10100 11001 00101

011
100
01101

110
100
10101 11010 10001 10100 10100 10010 01010

011
011
1
00000000011

000
100
11101 10001 10111 01100

111
100
11001 10111 10011 11101 11010 01000

111
100
10011 11001 11111 11001 10111 10011 10101 11010 11100 10100 00110

101
010
0
000000000011011

000
100
01110

111
100
11001 00001

010
000
1
00000000100

110
100
10011 10111 11010 11111 10011 11001 10010 01010

010
100
01100

010
100
10100 11100 11101 10000 10000 10010 10001 00001

011
100
11100 11011 10011 00000

000
000
0
000000000010000

001
100
11100 01101

000
010
1
00000000001

001
100
11110 10011 01110

010
100
10011 01111

011
001
0
000000010010001

000
111
1
00000000010

011
000
0
000000000100001

010
100
00011

110
100
01110

100
100
01001

111
000
1
00000000011

110
100
01011

100
100
01011

110
100
01011

111
100
10100 11111 00111

111
001
1
00000000010

100
100
11011 10001 11101 10101 11110 01111

110
111
1
00000000010

000
100
10010 10100 11101 10000 10101 10101 11110 00110

001
100
11110 10010 11111 11100 00011

100
001
1
00000000010

011
101
1
00000000010

001
100
11000 11110 11010 10000 10101 11110 00100

010
100
10001 10011 10000 10011 11100 11111 01011

111
100
10100 10010 10111 00001

010
000
0
000000010100001

011
001
1
00000000011

001
100
00011

011
100
00111

011
100
00111

000
001
0
000000000100001

001
100
00100

000
100
01000

001
100
01000

111
001
0
000000000100001

100
100
00100

111
100
01011

000
100
00111

110
000
1
00000000101

000
100
11101 01100

100
100
01000

001
100
11101 10101 00110

010
100
01011

001
100
10001 10100 11000 11011 11101 10001 01110

101
001
0
000000001100100

110
100
10110 00011

100
110
0
000000000111110

001
100
11100 10110 10110 10110 11101 11100 11001 10010 01100

100
100
00111

000
001
1
00000000011

010
000
1
00000000011

111
100
01100

000
100
01110

100
100
00100

101
000
1
00000000011

100
100
01000

100
100
01101

000
100
01101

000
000
1
00000000011

001
100
00111

011
100
01100

011
100
01100

100
001
1
00000000010

000
111
0
000000001010010

110
100
11001 10001 11100 10110 11110 11001 01001

101
100
11001 10001 11100 10110 11110 11001 01001

000
100
10010 11010 11110 10111 01111

010
000
0
000000000111110

111
100
11110 10000 01011

010
100
10010 11001 11001 10101 10001 10110 01010

110
001
1
00000000010

001
111
1
00000000010

111
100
10101 01110

110
100
11011 01010

000
100
10111 10011 00000

001
001
0
000000001100000

010
110
1
00000000010

101
100
10001 10010 10110 00010

010
100
10001 10010 10110 00010

001
100
11000 10111 10100 01101

111
001
1
00000000010

010
110
1
00000000010

110
000
0
000000000100001

011
100
00100

000
100
01001

101
100
01001

110
000
1
00000000011

001
100
01001

110
100
01011

100
100
01011

001
100
00100

001
011
1
00000000010

010
100
10101 10110 11000 01011

111
100
11001 11001 10000 01000

100
001
1
00000000101

000
100
11101 00110

011
100
11010 01001

000
100
11110 01111

000
100
01001

100
100
11000 00111

000
001
0
000000000100000

011
100
10110 01111

001
100
10101 00111

110
100
11010 10010 11001 10101 00001

001
001
1
00000000010

010
100
10001 10100 10100 10001 11000 11110 11010 11000 10100 11011 00110

001
110
1
00000000010

010
100
10001 11100 10010 10110 10101 00011

101
100
11111 10101 11101 11001 10100 10001 00111

001
010
1
00000000101

001
100
11000 10100 10010 11101 00100

001
100
00011

010
100
10011 11001 11111 01011

010
100
10011 00100

110
100
11101 10111 01010

001
011
0
000000001011110

010
100
10100 11101 10011 01101

011
100
10010 11101 10101 10000 11000 10000 00111

110
100
10110 00101

000
100
00110

010
001
0
000000001010101

100
100
10101 10001 10110 10100 00100

101
101
0
000000000100000

000
100
11100 01100

010
100
11100 01100

010
000
1
0000000001

101
010
0
101010101010010

011
100
01111

000
100
11111 10010 01001

110
100
11010 10000 00010

001
001
1
00000000100

101
100
10010 01011

010
100
11110 01000

011
100
10111 00000

110
100
10010 01010

100
100
10110 10111 11100 00011

100
010
0
000000110011100

011
010
0
000000110000110

101
001
0
000000101110000

011
010
1
00000000001

110
010
0
000000101001000

110
001
0
000000100110010

100
000
1
00000000001

100
010
1
00000000001

010
001
1
00000000001

000
000
0
000000011100110

011
011
0
000000011010000

001
010
1
00000000001

000
000
0
000000010101000

110
001
0
000000010010010

000
010
1
00000000001

111
000
1
00000000001

010
011
0
000000001011000

101
011
0
000000001000010

111
010
1
00000000001

100
011
0
000000000011010

010
100
11010 10011 11101 00010

011
001
0
000000010010000

111
100
11101 01001

111
101
1
00000000010

100
000
0
000000000100001

000
100
01100

100
100
01101

100
100
01101

001
000
0
000000000100001

000
100
01001

010
100
00010

001
100
01010

111
100
00101

110
011
0
000000000010000

101
100
11000 00011

101
001
0
000000010100100

010
101
1
00000000010

101
000
0
000000000100001

100
100
00100

100
100
01010

011
100
00111

100
000
0
000000000100001

000
100
01111

100
100
00100

010
100
00111

011
100
11011 11111 10101 10110 11001 01010

001
001
1
00000000010

110
100
10011 11100 11111 11000 11000 00101

010
110
1
00000000010

000
100
11100 10111 01100

110
100
11100 10111 01100

010
011
1
00000000101

100
100
00010

111
100
11010 00100

000
100
11110 10101 10011 11010 10010 10111 00100

111
100
11010 01000

010
100
10101 10001 01101

010
001
0
000000001101010

000
100
11111 01000

111
101
1
00000000010

010
100
11101 11110 00000

111
100
11001 10110 10000 11100 11100 11011 11010 11100 00010

00